[]
[array([[ 0.90099545,  0.50977585,  0.17675337,  0.        ,  0.        ,
         0.        ,  0.        ,  0.        ,  0.        ,  0.        ,
         0.        ,  0.        ,  0.        ,  0.        ,  0.        ,
         0.        ],
       [ 0.        ,  0.        ,  0.        ,  0.34207239,  0.80425684,
         0.5739083 ,  0.        ,  0.        ,  0.        ,  0.        ,
         0.        ,  0.        ,  0.        ,  0.        ,  0.        ,
         0.        ],
       [ 0.        ,  0.        ,  0.        ,  0.        ,  0.        ,
         0.        ,  0.03800878,  0.51688564,  0.13827334,  0.        ,
         0.        ,  0.        ,  0.        ,  0.        ,  0.        ,
         0.        ],
       [ 0.        ,  0.        ,  0.        ,  0.        ,  0.        ,
         0.        ,  0.        ,  0.        ,  0.        ,  0.32274239,
         0.95460701,  0.04130228,  0.        ,  0.        ,  0.        ,
         0.        ],
       [ 0.        ,  0.        ,  0.        ,  0.        ,  0.        ,
         0.        ,  0.        ,  0.        ,  0.        ,  0.        ,
         0.        ,  0.        ,  0.9792995 ,  0.66413565,  0.34697368,
         0.17796484]]), array([[ 0.32167837,  0.77423394,  0.52283281,  0.49009606,  0.02527127],
       [ 0.13373713,  0.20852771,  0.12336231,  0.84071772,  0.64740895]])]
6